# -----------------------------------------------------------------------------
# TMdock - docking by full/partial structure alignment                V20160511
#										
# -----------------------------------------------------------------------------
#               Date / time : 2023:06:21 / 14:01:15
#       Number of templates : 12470
#            Alignment type : FSA
#                 Fast mode : on
#         Benchmarking mode : off
#     TMScore Normalized by : Length of the target
# -----------------------------------------------------------------------------
#
# Label                Score    TM-score1    TM-score2    FSC-score      iSeqID1      iSeqID2        dSASA         d_av       AACE18        SolEM     trgtLen1     trgtLen2    tmpltLen1    tmpltLen2      aliLen1      aliLen2         t[0]         t[1]         t[2]      u[0][0]      u[0][1]      u[0][2]      u[1][0]      u[1][1]      u[1][2]      u[2][0]      u[2][1]      u[2][2]
#
6qb3A1X1_21      3.12033e-02  7.29156e-01  3.85703e-01  2.70504e-01  5.82090e-01  1.66667e-01  2.41775e-03  3.72841e-02  2.25588e-01  5.54417e-02  2.93000e+02  7.10000e+01  2.28000e+02  1.42000e+02  2.21000e+02  5.80000e+01  1.29447e+01 -2.61274e+01 -1.66940e+01  3.96434e-01 -8.53838e-01  3.37345e-01 -6.86165e-01 -3.14441e-02  7.26766e-01 -6.09933e-01 -5.19589e-01 -5.98339e-01
3knb1A1B_21      1.68182e-02  2.85371e-01  3.09293e-01  1.90610e-01  1.66667e-01  1.35135e-01  8.99604e-01  3.14554e-01  1.86008e-07  8.66984e-01  2.93000e+02  7.10000e+01  9.60000e+01  9.80000e+01  9.30000e+01  5.60000e+01 -1.06727e+01  5.95648e+00 -5.25046e+00 -8.95662e-02 -2.19947e-01  9.71391e-01 -7.74178e-01  6.28970e-01  7.10320e-02 -6.26599e-01 -7.45667e-01 -2.26612e-01
6touG1A1_21      1.67035e-02  7.31440e-01  3.68803e-01  2.35818e-01  6.44737e-01  8.33333e-02  3.28815e-01  2.36723e-01  8.65017e-02  3.06853e-01  2.93000e+02  7.10000e+01  2.32000e+02  7.10000e+01  2.23000e+02  5.20000e+01  1.74962e+00 -9.73428e+00 -2.39470e+01  7.38244e-01  4.02636e-01 -5.41183e-01 -1.50328e-01  8.80337e-01  4.49897e-01  6.57569e-01 -2.50779e-01  7.10432e-01
6lfmD1E1_21      1.58785e-02  1.26932e-01  8.16496e-01  1.86653e-01  9.25926e-02  1.00000e+00  6.43779e-01  3.49082e-01  4.20212e-02  5.32993e-01  2.93000e+02  7.10000e+01  6.70000e+01  7.10000e+01  6.60000e+01  7.10000e+01  1.81289e+00  1.72344e+00 -1.91957e+01 -4.92324e-01 -3.12650e-01 -8.12322e-01  8.69464e-01 -1.33104e-01 -4.75726e-01  4.06123e-02 -9.40496e-01  3.37369e-01
6nfcB1K1_21      1.38124e-02  3.87478e-01  3.43204e-01  3.17164e-01  5.71429e-01  6.66667e-02  7.02068e-08  0.00000e+00  1.67520e-01  1.56600e-02  2.93000e+02  7.10000e+01  1.23000e+02  1.20000e+02  1.15000e+02  5.70000e+01  2.29025e+01 -1.13158e+01 -3.20686e+01  3.43615e-01  7.01676e-01  6.24162e-01 -4.68404e-01  7.04113e-01 -5.33688e-01 -8.13957e-01 -1.08977e-01  5.70612e-01
6vi1D1M1_12      1.38086e-02  3.81175e-01  2.00075e-01  3.75796e-01  7.33333e-01  8.69565e-02  2.76880e-06  0.00000e+00  1.56195e-01  1.63613e-02  2.93000e+02  7.10000e+01  2.14000e+02  2.30000e+01  1.38000e+02  2.30000e+01  3.52247e+00 -2.23282e+01 -2.26566e+01  8.31161e-01 -4.19038e-01  3.65483e-01  6.31801e-02  7.24223e-01  6.86665e-01 -5.52430e-01 -5.47638e-01  6.28421e-01
6pk8A1B1_12      1.21799e-02  7.34976e-01  3.57096e-01  1.69672e-01  6.81159e-01  1.14286e-01  2.99641e-01  1.56525e-01  2.36407e-03  2.45749e-01  2.93000e+02  7.10000e+01  2.25000e+02  2.25000e+02  2.20000e+02  6.80000e+01 -1.76088e+01  1.58377e+01  1.77641e+01 -5.42832e-01 -6.04708e-01  5.82806e-01  6.35006e-01  1.58631e-01  7.56045e-01 -5.49637e-01  7.80490e-01  2.97883e-01
6itqA1C1_21      1.21647e-02  3.81597e-01  3.29897e-01  2.83231e-01  6.71875e-01  6.45161e-02  7.83535e-03  3.54457e-03  1.70733e-01  3.85704e-02  2.93000e+02  7.10000e+01  1.25000e+02  1.22000e+02  1.16000e+02  6.80000e+01  1.97381e+01  8.58083e+00 -2.08034e+01  2.05889e-01  5.62998e-01 -8.00401e-01  8.48089e-01  3.05409e-01  4.32979e-01  4.88216e-01 -7.67957e-01 -4.14592e-01
6txzA1H1_21      1.18936e-02  4.25380e-01  3.09535e-01  2.13732e-01  5.77465e-01  4.16667e-02  3.15889e-02  1.99504e-02  2.65307e-01  7.37642e-02  2.93000e+02  7.10000e+01  2.19000e+02  1.09000e+02  1.84000e+02  5.50000e+01  1.10352e+01 -1.54289e+01 -1.90790e+01 -9.40879e-01 -3.10138e-01  1.36243e-01 -4.96990e-02 -2.71465e-01 -9.61164e-01  3.35078e-01 -9.11110e-01  2.40002e-01
1fbi0H0X_12      1.15145e-02  3.76729e-01  3.29047e-01  2.52809e-01  3.90244e-01  5.00000e-02  3.30422e-02  4.92787e-03  1.98439e-01  1.13831e-01  2.93000e+02  7.10000e+01  2.21000e+02  1.29000e+02  2.16000e+02  6.70000e+01  9.78384e+00 -1.88212e+01 -2.09359e+01  2.10032e-01 -3.42630e-02  9.77094e-01 -5.17959e-01  8.43717e-01  1.40924e-01 -8.29220e-01 -5.35693e-01  1.59461e-01
6p4bH1C1_12      1.08096e-02  3.96380e-01  3.27464e-01  2.17778e-01  4.00000e-01  5.88235e-02  8.79918e-02  1.11842e-01  3.10083e-01  2.28556e-01  2.93000e+02  7.10000e+01  2.05000e+02  1.29000e+02  1.73000e+02  6.30000e+01  1.26166e+01 -2.42977e+01 -8.01210e+00  2.37553e-01 -2.54237e-01 -9.37514e-01 -9.69262e-01 -1.25660e-01 -2.11521e-01 -6.40316e-02  9.58944e-01 -2.76273e-01
6itqA1C1_12      1.03715e-02  3.71993e-01  3.06045e-01  2.72439e-01  7.03125e-01  6.66667e-02  7.07665e-04  0.00000e+00  1.68638e-01  2.05581e-02  2.93000e+02  7.10000e+01  1.22000e+02  1.25000e+02  1.13000e+02  6.60000e+01  1.97941e+01  1.03881e+01 -2.05689e+01  2.59966e-01  7.00336e-01 -6.64791e-01  7.51408e-01  2.85678e-01  5.94790e-01  6.06469e-01 -6.54154e-01 -4.51971e-01
1o800A0B_21      1.00633e-02  1.33679e-01  7.59325e-01  2.39890e-01  4.83871e-02  2.50000e-01  8.00226e-01  4.62789e-01  1.58255e-02  6.43499e-01  2.93000e+02  7.10000e+01  7.10000e+01  7.40000e+01  6.50000e+01  7.00000e+01 -2.01497e+01 -6.24373e+00  8.58272e+00 -5.12674e-02 -9.34842e-01  3.51343e-01  8.74357e-01 -2.12009e-01 -4.36522e-01  4.82567e-01  2.84820e-01  8.28255e-01
5xxyH1A1_12      9.88394e-03  4.14821e-01  3.02156e-01  2.81250e-01  6.20000e-01  7.14286e-02  7.97005e-02  1.17162e-01  2.05211e-01  1.59830e-01  2.93000e+02  7.10000e+01  2.08000e+02  9.90000e+01  1.79000e+02  5.00000e+01  1.31019e+01 -1.54906e+01 -1.49850e+01  6.81817e-01  3.59922e-01  6.36854e-01  4.77337e-01 -8.78601e-01 -1.44919e-02  5.54324e-01  3.13875e-01 -7.70849e-01
6lfoD1R1_21      9.79037e-03  2.30234e-01  7.28608e-01  2.00799e-01  4.30108e-02  1.00000e+00  8.74893e-03  9.66468e-02  1.53724e-01  8.38308e-02  2.93000e+02  7.10000e+01  3.07000e+02  6.40000e+01  2.02000e+02  6.40000e+01  3.15476e+01  2.78406e+00  3.01522e+01 -7.21761e-01 -6.56241e-01 -2.20020e-01 -9.50022e-02 -2.20946e-01  9.70648e-01 -6.85591e-01  7.21479e-01  9.71256e-02
3eba1A1B_12      9.77127e-03  3.76943e-01  3.36283e-01  2.23077e-01  4.47368e-01  2.94118e-02  3.22239e-02  7.19362e-02  2.79621e-01  1.70131e-01  2.93000e+02  7.10000e+01  1.21000e+02  1.30000e+02  1.14000e+02  6.10000e+01  1.35815e+01 -2.39942e+01 -9.86336e+00  6.85694e-01  1.89241e-01  7.02859e-01 -5.41320e-01  7.78120e-01  3.18595e-01 -4.86617e-01 -5.98930e-01  6.35992e-01
3vrlH1C1_12      9.39325e-03  4.06270e-01  2.74480e-01  2.39329e-01  7.14286e-01  1.08108e-01  1.54845e-03  0.00000e+00  1.67400e-01  4.76989e-02  2.93000e+02  7.10000e+01  2.22000e+02  7.30000e+01  1.81000e+02  5.10000e+01  1.01943e+01 -1.39821e+01 -2.69457e+01 -9.40582e-02  8.23512e-01 -5.59447e-01 -9.39631e-01 -2.59137e-01 -2.23475e-01 -3.29008e-01  5.04655e-01  7.98171e-01
3noi1A2B_12      9.18956e-03  3.17565e-01  3.17143e-01  3.34566e-01  2.14286e-01  7.54717e-02  2.57676e-02  1.05276e-02  1.28550e-01  5.36604e-02  2.93000e+02  7.10000e+01  1.19000e+02  1.20000e+02  1.06000e+02  5.90000e+01 -2.63194e+01 -7.18119e+00 -4.25289e+00  4.31488e-01 -8.86847e-01 -1.65288e-01 -8.91448e-01 -4.47263e-01  7.26324e-02 -1.38341e-01  1.16006e-01 -9.83567e-01
4hlzD1J1_21      9.08336e-03  3.77016e-01  3.39768e-01  2.10630e-01  5.55556e-01  2.22222e-01  3.65968e-04  0.00000e+00  1.87222e-01  4.04609e-02  2.93000e+02  7.10000e+01  2.12000e+02  1.70000e+02  1.45000e+02  4.10000e+01  1.04964e+01 -2.94127e+01  6.86029e-01  1.02430e-01 -9.80624e-01  1.66990e-01 -7.91217e-01  2.14287e-02  6.11159e-01 -6.02896e-01 -1.94726e-01 -7.73692e-01
3noi1A2B_21      8.87963e-03  3.15362e-01  3.15686e-01  3.26661e-01  1.88406e-01  6.00000e-02  3.08652e-02  1.00371e-02  1.30335e-01  6.35156e-02  2.93000e+02  7.10000e+01  1.20000e+02  1.19000e+02  1.06000e+02  5.80000e+01 -2.61495e+01 -5.82465e+00 -4.91404e+00  3.97114e-01 -9.10343e-01 -1.16518e-01 -9.04486e-01 -4.09721e-01  1.18462e-01 -1.55581e-01  5.83463e-02 -9.86098e-01
6u9sA1C1_12      8.42941e-03  3.86484e-01  2.67242e-01  2.13859e-01  4.11765e-01  5.12821e-02  2.14551e-02  1.38012e-02  2.34057e-01  1.01738e-01  2.93000e+02  7.10000e+01  2.21000e+02  9.20000e+01  2.19000e+02  5.40000e+01  1.19355e+01 -2.35088e+01  1.09821e+00 -5.90029e-01  5.67208e-01 -5.74579e-01 -4.52874e-01  3.56655e-01  8.17131e-01  6.68410e-01  7.42342e-01  4.64372e-02
1nby0A0C_12      8.35487e-03  3.70562e-01  3.25279e-01  1.32400e-01  7.25000e-01  6.06061e-02  8.16835e-02  1.37272e-01  3.93526e-01  2.14208e-01  2.93000e+02  7.10000e+01  2.14000e+02  1.29000e+02  1.45000e+02  6.70000e+01  1.32137e+01 -2.45768e+01 -6.92245e+00  2.34886e-01 -2.83002e-01 -9.29913e-01 -9.70404e-01 -1.23469e-01 -2.07538e-01 -5.60817e-02  9.51139e-01 -3.03627e-01
5vjqB1I1_12      8.14932e-03  3.77116e-01  3.31303e-01  1.27148e-01  6.75000e-01  6.25000e-02  4.15829e-02  6.94409e-02  3.28968e-01  1.62353e-01  2.93000e+02  7.10000e+01  2.12000e+02  1.29000e+02  1.45000e+02  6.70000e+01  1.28175e+01 -2.51373e+01 -9.00836e+00  1.81768e-01 -2.31211e-01 -9.55773e-01 -9.63572e-01 -2.35795e-01 -1.26210e-01 -1.96185e-01  9.43897e-01 -2.65648e-01
6gwpA1B1_21      7.74113e-03  3.82842e-01  3.96271e-01  3.13860e-01  1.00000e+00  1.81818e-01  7.87329e-02  2.27473e-01  1.60578e-01  1.64225e-01  2.93000e+02  7.10000e+01  1.15000e+02  3.68000e+02  1.15000e+02  6.80000e+01  1.73876e+01 -2.05555e+01 -1.15276e+01 -5.92577e-01 -6.72565e-01 -4.43293e-01  6.65008e-01 -7.19017e-01  2.01937e-01 -4.54551e-01 -1.75130e-01  8.73334e-01
1icw0A0B_12      7.55274e-03  1.34273e-01  8.61969e-01  2.75370e-01  4.83871e-02  9.66667e-01  5.91506e-01  4.76556e-01  3.91180e-03  3.97011e-01  2.93000e+02  7.10000e+01  6.90000e+01  6.60000e+01  6.90000e+01  6.60000e+01 -1.98903e+01 -3.28955e+00  4.64716e+00  4.09112e-02 -9.82744e-01  1.80391e-01  9.93060e-01  2.00698e-02 -1.15881e-01  1.10261e-01  1.83880e-01  9.76745e-01
4j4fB1A1_12      7.46914e-03  1.40646e-01  3.62666e-01  2.31794e-01  1.01449e-01  5.55556e-02  7.22649e-01  3.00401e-01  2.86655e-03  6.75319e-01  2.93000e+02  7.10000e+01  1.01000e+02  1.01000e+02  6.90000e+01  5.40000e+01 -2.32090e+01  1.19283e+00  2.18273e+01 -4.92945e-01  6.51014e-01  5.77223e-01  5.15734e-01  7.52946e-01 -4.08767e-01 -7.00730e-01  9.61938e-02 -7.06911e-01
1u4r0A0B_21      7.42594e-03  1.30739e-01  6.27725e-01  8.38661e-02  3.92157e-02  1.50943e-01  9.28601e-01  4.13149e-01  0.00000e+00  8.32008e-01  2.93000e+02  7.10000e+01  6.80000e+01  6.20000e+01  6.70000e+01  6.20000e+01 -5.45835e+00  1.08146e+01 -1.24734e+01 -8.34985e-02 -8.95293e-01  4.37583e-01 -9.62377e-01 -4.14917e-02 -2.68530e-01  2.58569e-01 -4.43542e-01 -8.58145e-01
3kr31D1H_21      7.32574e-03  4.24098e-01  2.91607e-01  1.74551e-01  7.33333e-01  0.00000e+00  1.48363e-01  1.86083e-01  2.98510e-01  2.58293e-01  2.93000e+02  7.10000e+01  2.18000e+02  6.00000e+01  1.80000e+02  4.30000e+01  5.78754e+00 -1.91173e+01 -9.88651e+00 -2.93239e-01  8.77790e-01  3.78807e-01 -4.32151e-01 -4.75138e-01  7.66479e-01  8.52793e-01  6.10597e-02  5.18667e-01
6wrzA1B1_12      7.14580e-03  2.63777e-01  3.27624e-01  1.53567e-01  7.27273e-02  2.38095e-02  3.83643e-01  1.59850e-01  2.30990e-01  3.52936e-01  2.93000e+02  7.10000e+01  2.99000e+02  1.18000e+02  1.68000e+02  6.60000e+01  1.17661e+01 -1.86330e+01  1.37061e-01  5.06082e-01  4.61549e-01  7.28597e-01  2.15012e-01 -8.85608e-01  4.11665e-01  8.35255e-01 -5.16792e-02 -5.47429e-01
3n521A1B_12      6.92946e-03  1.12357e-01  7.31674e-01  1.47790e-01  1.33333e-01  4.60317e-01  9.48405e-01  5.79557e-01  5.00557e-07  9.15075e-01  2.93000e+02  7.10000e+01  6.70000e+01  7.10000e+01  6.50000e+01  6.80000e+01  4.35911e+00  1.43454e+00  6.09042e+00  9.59376e-01 -1.78029e-01 -2.18869e-01 -2.48005e-01 -1.62312e-01 -9.55065e-01  1.34504e-01  9.70547e-01 -1.99870e-01
6w0aB2C2_12      6.81447e-03  3.81455e-01  3.36798e-01  2.15000e-01  5.80645e-01  4.34783e-02  1.60584e-05  0.00000e+00  1.35822e-01  1.24598e-02  2.93000e+02  7.10000e+01  2.12000e+02  9.30000e+01  1.38000e+02  4.90000e+01  2.95768e+00 -1.82953e+01 -2.49134e+01 -8.85736e-01 -6.68476e-02  4.59352e-01  2.46180e-01  7.71299e-01  5.86936e-01 -3.93533e-01  6.32953e-01 -6.66710e-01
7bwkA1C1_12      6.75794e-03  1.22254e-01  4.14831e-01  1.20670e-01  9.89011e-02  1.33333e-01  8.22245e-01  3.12898e-01  0.00000e+00  7.81505e-01  2.93000e+02  7.10000e+01  1.13000e+02  1.49000e+02  9.80000e+01  5.50000e+01 -7.35088e+00  1.15251e+01  2.47940e+01  3.26058e-01 -7.28715e-01  6.02213e-01  3.93834e-01 -4.74406e-01 -7.87295e-01  8.59408e-01  4.93876e-01  1.32308e-01
5xxyL1A1_12      6.74802e-03  3.83198e-01  3.02156e-01  1.49383e-01  6.06061e-01  1.00000e-01  1.04001e-01  1.16827e-01  2.78895e-01  2.01420e-01  2.93000e+02  7.10000e+01  2.11000e+02  9.90000e+01  1.38000e+02  5.00000e+01  1.51452e+01 -1.44204e+01 -1.45316e+01  6.23803e-01  3.63184e-01  6.92075e-01  4.68028e-01 -8.82744e-01  4.13841e-02  6.25955e-01  2.98095e-01 -7.20638e-01
5o04A1E1_21      6.62629e-03  3.66066e-01  3.28119e-01  1.75573e-01  9.09091e-01  0.00000e+00  1.72903e-13  0.00000e+00  1.60250e-01  1.35600e-02  2.93000e+02  7.10000e+01  1.12000e+02  3.08000e+02  1.12000e+02  6.80000e+01  2.75703e+01 -2.29406e+01 -1.85610e+01  3.57198e-01  8.42547e-01 -4.03143e-01  7.83153e-01 -3.49549e-02  6.20845e-01  5.09000e-01 -5.37487e-01 -6.72329e-01
6pdqB1E1_21      6.61388e-03  1.50399e-01  2.79603e-01  1.21285e-01  1.72414e-02  5.88235e-02  7.87669e-01  2.35500e-01  2.70040e-06  7.47529e-01  2.93000e+02  7.10000e+01  8.50000e+01  8.70000e+01  7.30000e+01  4.30000e+01 -1.29257e+01  1.03867e+01  8.25614e+00  1.56985e-01  9.73534e-01  1.66092e-01  1.33646e-01  1.45689e-01 -9.80262e-01 -9.78516e-01  1.76084e-01 -1.07238e-01
6n81A1C1_21      6.57414e-03  4.18702e-01  3.23219e-01  1.59574e-01  7.50000e-01  8.00000e-02  3.35633e-09  0.00000e+00  1.59799e-01  1.52603e-02  2.93000e+02  7.10000e+01  2.17000e+02  3.06000e+02  1.78000e+02  6.40000e+01  2.73421e+01 -4.59091e+00 -2.99066e+01  2.45269e-01  9.66958e-01 -6.95371e-02 -2.88554e-01  1.41292e-01  9.46981e-01  9.25516e-01 -2.12200e-01  3.13674e-01
1icw0A0B_21      6.46014e-03  1.30357e-01  8.01608e-01  2.29531e-01  3.44828e-02  9.67742e-01  7.03734e-01  4.97998e-01  0.00000e+00  4.51036e-01  2.93000e+02  7.10000e+01  6.60000e+01  6.90000e+01  6.50000e+01  6.90000e+01 -1.93269e+01 -5.82681e+00  6.26289e+00 -1.05017e-01 -9.51189e-01  2.90191e-01  9.88693e-01 -1.31271e-01 -7.24827e-02  1.07038e-01  2.79298e-01  9.54220e-01
2j4w1D1H_21      6.37927e-03  4.20283e-01  2.38758e-01  1.66884e-01  4.26966e-01  1.11111e-01  4.63014e-01  3.78178e-01  3.26882e-01  4.78744e-01  2.93000e+02  7.10000e+01  2.25000e+02  3.40000e+01  1.83000e+02  3.30000e+01  7.90773e+00 -1.77729e+01 -6.40069e+00  5.41590e-01 -3.57303e-01 -7.60930e-01  6.37302e-01 -4.15773e-01  6.48829e-01 -5.48202e-01 -8.36342e-01  2.53111e-03
6o23C1E1_12      6.36170e-03  4.01876e-01  8.66913e-02  2.04403e-01  6.90476e-01  7.69231e-02  2.08648e-01  1.72003e-01  2.43818e-01  3.70249e-01  2.93000e+02  7.10000e+01  2.19000e+02  1.80000e+01  2.12000e+02  1.30000e+01  1.00404e+01 -1.77536e+01 -1.56443e+01  1.09106e-01 -9.50953e-01  2.89456e-01 -3.17101e-01  2.42683e-01  9.16816e-01 -9.42095e-01 -1.91817e-01 -2.75069e-01
1i850A0B_12      6.31426e-03  3.06404e-01  2.82972e-01  3.34433e-01  1.57895e-01  9.52381e-02  1.70477e-02  5.26896e-02  1.25711e-01  9.02750e-02  2.93000e+02  7.10000e+01  1.10000e+02  1.09000e+02  1.02000e+02  6.00000e+01  1.75928e+01  5.67816e+00 -2.44412e+01 -1.07849e-01  6.64193e-01 -7.39740e-01 -7.39878e-01 -5.50621e-01 -3.86519e-01 -6.64040e-01  5.05632e-01  5.50806e-01
4jm7A1B1_21      6.27409e-03  1.87556e-01  2.85960e-01  1.36617e-01  7.27273e-02  2.77778e-02  7.39506e-01  2.45857e-01  5.12041e-04  7.12639e-01  2.93000e+02  7.10000e+01  1.16000e+02  1.22000e+02  1.05000e+02  5.60000e+01 -7.22082e+00  1.48917e+01  5.19968e+00  2.01280e-01 -2.95822e-01  9.33797e-01 -6.11929e-01 -7.82368e-01 -1.15949e-01  7.64873e-01 -5.48079e-01 -3.38496e-01
6kn9A1D1_21      6.27169e-03  6.91495e-01  2.81713e-01  3.99680e-02  8.00000e-01  4.16667e-02  8.13048e-08  0.00000e+00  1.60467e-01  1.75478e-02  2.93000e+02  7.10000e+01  2.20000e+02  2.60000e+02  2.12000e+02  6.30000e+01  2.99509e+01 -1.55471e+01 -7.37312e+00 -5.54514e-01  3.96178e-01 -7.31818e-01 -6.90773e-01 -7.09526e-01  1.39303e-01 -4.64056e-01  5.82765e-01  6.67111e-01
6gwnA1B1_21      6.26294e-03  3.83426e-01  3.90142e-01  3.02095e-01  6.66667e-01  1.76471e-01  1.24087e-01  2.25865e-01  1.20342e-01  1.97708e-01  2.93000e+02  7.10000e+01  1.15000e+02  3.61000e+02  1.15000e+02  6.90000e+01  1.66156e+01 -2.09279e+01 -1.26571e+01 -5.28223e-01 -7.35835e-01 -4.23706e-01  7.84945e-01 -6.13455e-01  8.67969e-02 -3.23793e-01 -2.86738e-01  9.01631e-01
1u6g0A0C_21      6.15922e-03  2.95575e-01  3.36232e-01  3.21320e-02  7.40741e-02  6.66667e-02  6.36976e-01  1.34367e-01  1.43713e-05  5.41275e-01  2.93000e+02  7.10000e+01  1.14600e+03  7.15000e+02  2.28000e+02  5.80000e+01 -7.66596e+00  1.04291e+01  3.06475e+01 -1.86485e-01 -8.04446e-01  5.63995e-01  7.13943e-01 -5.05325e-01 -4.84697e-01  6.74914e-01  3.12272e-01  6.68564e-01
4j4eA1B1_12      5.91122e-03  1.32843e-01  3.58254e-01  2.27188e-01  5.97015e-02  7.40741e-02  6.87248e-01  3.03494e-01  4.14937e-07  6.54691e-01  2.93000e+02  7.10000e+01  1.01000e+02  1.01000e+02  6.70000e+01  5.40000e+01 -2.39682e+01  1.38075e+00  2.39987e+01 -6.19898e-01  6.09269e-01  4.94488e-01  4.40567e-01  7.91716e-01 -4.23187e-01 -6.49328e-01 -4.44773e-02 -7.59206e-01
5ob5A1H1_21      5.87929e-03  4.13723e-01  7.23937e-01  3.08605e-01  4.84375e-01  5.65217e-01  5.84919e-02  3.93290e-01  1.58025e-01  1.82628e-01  2.93000e+02  7.10000e+01  2.20000e+02  6.30000e+01  1.85000e+02  6.30000e+01  9.46732e+00 -3.00727e+01 -7.56044e+00 -3.50704e-01 -4.01025e-01  8.46277e-01  9.36484e-01 -1.48313e-01  3.17805e-01 -1.93399e-03  9.03981e-01  4.27568e-01
3k9h1A1B_12      5.81714e-03  2.23755e-01  3.29986e-01  7.56214e-02  5.88235e-02  2.50000e-02  4.46306e-01  1.52395e-01  1.75146e-01  5.25981e-01  2.93000e+02  7.10000e+01  2.29000e+02  2.29000e+02  1.42000e+02  5.60000e+01 -1.16635e+01  2.67576e+01 -2.84695e+00  3.93003e-01  1.15445e-01  9.12262e-01 -7.41414e-01 -5.47057e-01  3.88631e-01  5.43925e-01 -8.29096e-01 -1.29402e-01
1h8s0A0B_12      5.79953e-03  6.15532e-01  3.50750e-01  8.25893e-02  2.81690e-01  8.33333e-02  3.09402e-07  0.00000e+00  1.58815e-01  4.81015e-03  2.93000e+02  7.10000e+01  2.18000e+02  2.18000e+02  2.08000e+02  7.00000e+01  3.02951e+01  2.17350e+01 -1.80875e+01  5.48239e-01  6.75767e-01  4.92720e-01  3.30981e-01 -7.16366e-01  6.14224e-01  7.68040e-01 -1.73661e-01 -6.16406e-01
2vwe1A1E_21      5.78327e-03  4.04459e-01  2.17292e-01  2.69461e-01  4.00000e-01  7.69231e-02  8.01042e-03  6.34645e-02  1.87381e-01  5.00537e-02  2.93000e+02  7.10000e+01  2.19000e+02  9.70000e+01  1.85000e+02  5.30000e+01  3.38703e+01 -9.93679e+00 -2.19605e+00 -7.82823e-01 -3.54764e-01 -5.11206e-01 -5.77110e-01  7.21128e-01  3.83299e-01  2.32665e-01  5.95077e-01 -7.69253e-01
6s99A1B1_12      5.74968e-03  1.60849e-01  3.23500e-01  1.30455e-01  5.47945e-02  6.25000e-02  7.25679e-01  2.42066e-01  2.54833e-02  6.14992e-01  2.93000e+02  7.10000e+01  1.05000e+02  1.05000e+02  1.01000e+02  5.70000e+01  6.78276e+00  1.00922e+01  1.16013e+01 -5.47855e-01 -8.30355e-01  1.01809e-01  2.35146e-01 -3.60563e-02  9.71291e-01 -8.02846e-01  5.56066e-01  2.15008e-01
6p59C1F1_12      5.68520e-03  2.51055e-01  4.44991e-01  1.85752e-01  6.03448e-02  7.46269e-02  7.64110e-01  3.40183e-01  0.00000e+00  4.61993e-01  2.93000e+02  7.10000e+01  1.55000e+02  1.91000e+02  1.34000e+02  6.70000e+01  2.15760e+00  2.26763e-01  2.11402e+01  3.18245e-02 -6.16077e-01  7.87043e-01 -6.11727e-01  6.10726e-01  5.02796e-01 -7.90428e-01 -4.97457e-01 -3.57435e-01
6jjpA1C1_12      5.59809e-03  4.09519e-01  3.17682e-01  1.54050e-01  6.72727e-01  0.00000e+00  6.72008e-03  4.41244e-02  2.18964e-01  4.10839e-02  2.93000e+02  7.10000e+01  2.20000e+02  1.17000e+02  1.65000e+02  6.40000e+01  1.19087e+01 -2.56695e+01 -1.62333e+00 -4.10639e-01 -5.33209e-01  7.39638e-01  1.58643e-01  7.57033e-01  6.33825e-01 -8.97891e-01  3.77611e-01 -2.26277e-01
6w0iB1C1_12      5.58807e-03  3.82180e-01  2.77299e-01  1.91686e-01  6.25000e-01  8.69565e-02  4.51259e-06  0.00000e+00  1.43802e-01  1.23499e-02  2.93000e+02  7.10000e+01  2.12000e+02  1.03000e+02  1.38000e+02  4.90000e+01  3.06383e+00 -1.71861e+01 -2.48054e+01 -8.68213e-01  2.36411e-01  4.36253e-01  4.80685e-01  6.18813e-01  6.21299e-01 -1.23077e-01  7.49120e-01 -6.50901e-01
6l3qA1B1_12      5.56314e-03  1.51568e-01  4.24382e-01  7.71010e-02  8.47458e-02  6.66667e-02  7.17887e-01  2.55503e-01  2.76630e-06  7.35206e-01  2.93000e+02  7.10000e+01  1.22000e+02  1.29000e+02  9.60000e+01  5.00000e+01 -2.62128e+00  8.49513e+00  1.09436e+01  9.14922e-01 -3.53134e-01 -1.95485e-01 -1.07533e-01  2.53559e-01 -9.61324e-01  3.89043e-01  9.00558e-01  1.94013e-01
1v6z0A0B_21      5.48223e-03  2.09393e-01  3.23665e-01  7.89016e-02  5.88235e-02  1.78571e-02  6.10971e-01  1.65210e-01  4.75852e-03  6.42018e-01  2.93000e+02  7.10000e+01  2.24000e+02  2.26000e+02  1.74000e+02  6.20000e+01  7.05472e+00  1.99807e+00  1.81610e+01  7.96682e-01  5.35369e-01 -2.80496e-01  5.62048e-01 -8.26907e-01  1.80900e-02 -2.22259e-01 -1.72064e-01 -9.59685e-01
1byr1A2A_12      5.47855e-03  2.06368e-01  3.56617e-01  1.84147e-01  4.70588e-02  1.85185e-02  8.48046e-01  4.17877e-01  7.37055e-03  8.03496e-01  2.93000e+02  7.10000e+01  1.52000e+02  1.52000e+02  1.27000e+02  5.70000e+01  2.84015e-01  7.37036e+00  1.29532e+01 -7.49680e-01  6.57112e-01  7.86293e-02 -6.35518e-01 -7.47959e-01  1.91506e-01  1.84652e-01  9.35980e-02  9.78337e-01
6kyzA1C1_21      5.40281e-03  3.46184e-01  3.42589e-01  1.86180e-01  4.00000e-01  0.00000e+00  7.33338e-07  0.00000e+00  1.68560e-01  1.63286e-02  2.93000e+02  7.10000e+01  1.07000e+02  1.80000e+02  1.06000e+02  5.90000e+01  1.57405e-01 -3.07843e+01 -8.95550e+00  7.61025e-01 -4.51667e-02  6.47149e-01  3.15976e-01 -8.45433e-01 -4.30583e-01  5.66569e-01  5.32168e-01 -6.29124e-01
1ku20A0B_21      5.38804e-03  2.17617e-01  3.58198e-01  1.08165e-02  7.61905e-02  2.00000e-01  8.09718e-01  2.34157e-01  0.00000e+00  6.52178e-01  2.93000e+02  7.10000e+01  2.40000e+02  2.40000e+02  1.78000e+02  5.80000e+01 -1.12278e+01  7.46024e+00  2.83093e+01  4.74719e-01 -5.52985e-01 -6.84726e-01  7.12577e-01  6.98116e-01 -6.97718e-02  5.16601e-01 -4.54798e-01  7.25453e-01
1vll0A0B_12      5.35854e-03  2.52191e-01  4.56498e-01  1.18725e-01  6.79612e-02  7.14286e-02  1.52765e-01  4.21585e-02  1.72063e-01  1.76186e-01  2.93000e+02  7.10000e+01  3.21000e+02  3.21000e+02  2.07000e+02  7.00000e+01  1.64232e+01  2.20840e+01 -3.05967e+00 -7.79699e-01  5.91433e-01  2.05610e-01  5.91350e-01  5.87575e-01  5.52323e-01  2.05850e-01  5.52233e-01 -8.07876e-01
3kxe1C1D_21      5.32970e-03  9.70193e-02  3.12339e-01  1.05025e-01  4.76190e-02  1.14286e-01  8.78540e-01  3.23990e-01  3.33487e-08  8.52795e-01  2.93000e+02  7.10000e+01  7.40000e+01  7.50000e+01  5.90000e+01  3.50000e+01 -6.41005e+00  4.65167e+00  2.02501e+01  2.31007e-01  9.34077e-01 -2.72279e-01  7.78211e-01 -3.45354e-01 -5.24517e-01 -5.83972e-01 -9.07236e-02 -8.06689e-01
6b0sL1C1_12      5.31091e-03  3.61615e-01  2.96943e-01  2.05575e-01  3.24324e-01  0.00000e+00  7.77483e-08  0.00000e+00  1.69102e-01  1.31375e-02  2.93000e+02  7.10000e+01  2.10000e+02  6.50000e+01  1.29000e+02  5.30000e+01  6.73550e+00 -3.06539e+01 -1.48315e+01 -7.53398e-01 -6.01963e-01 -2.64635e-01  4.27849e-01 -1.43146e-01 -8.92443e-01  4.99336e-01 -7.85589e-01  3.65395e-01
1e7d0A0B_12      5.29874e-03  2.06473e-01  4.01274e-01  1.36206e-01  2.83019e-02  6.55738e-02  9.13329e-01  4.57585e-01  0.00000e+00  9.15132e-01  2.93000e+02  7.10000e+01  1.57000e+02  1.57000e+02  1.19000e+02  6.20000e+01 -1.26095e+01  4.34638e-01  2.09249e+01 -6.15607e-01 -6.17734e-01  4.89318e-01  1.44958e-01 -6.99089e-01 -7.00186e-01  7.74606e-01 -3.60109e-01  5.19910e-01
5ot2D1G1_21      5.24435e-03  1.66695e-01  3.42357e-01  1.31726e-01  4.05405e-02  2.63158e-02  9.25790e-01  4.06725e-01  1.86683e-07  8.68886e-01  2.93000e+02  7.10000e+01  1.71000e+02  1.75000e+02  9.10000e+01  5.10000e+01 -2.50890e+00 -2.20679e+00  1.89835e+01  3.00050e-01 -6.93119e-01  6.55405e-01 -6.76744e-01  3.29556e-01  6.58339e-01 -6.72300e-01 -6.41076e-01 -3.70181e-01
5o04B1F1_21      5.19394e-03  3.28647e-01  3.32934e-01  1.45594e-01  9.09091e-01  0.00000e+00  0.00000e+00  0.00000e+00  1.60838e-01  1.30722e-02  2.93000e+02  7.10000e+01  1.01000e+02  3.15000e+02  1.01000e+02  6.80000e+01  2.69369e+01 -2.25397e+01 -1.93153e+01  4.22300e-01  8.14184e-01 -3.98456e-01  7.54271e-01 -7.18364e-02  6.52621e-01  5.02730e-01 -5.76146e-01 -6.44452e-01
6s99B1C1_12      5.18813e-03  1.59544e-01  3.23926e-01  1.22512e-01  5.47945e-02  6.25000e-02  7.34300e-01  2.51823e-01  1.91667e-02  6.16115e-01  2.93000e+02  7.10000e+01  1.05000e+02  1.05000e+02  1.01000e+02  5.70000e+01  6.57150e+00  9.60750e+00  1.16615e+01 -5.32062e-01 -8.40342e-01  1.03613e-01  2.64836e-01 -4.89375e-02  9.63051e-01 -8.04222e-01  5.39843e-01  2.48591e-01
4sgb0E0I_12      5.12090e-03  2.26312e-01  2.29517e-01  8.01001e-02  2.66667e-02  3.12500e-02  7.84916e-01  3.95349e-01  2.73383e-01  7.23445e-01  2.93000e+02  7.10000e+01  1.85000e+02  5.10000e+01  1.57000e+02  4.50000e+01  1.22706e+01 -1.04619e+01 -1.11962e+01 -1.78099e-01 -1.60435e-01 -9.70846e-01 -3.97928e-01  9.14090e-01 -7.80571e-02  8.99963e-01  3.72425e-01 -2.26640e-01
6vfsA1F1_21      5.07007e-03  2.45892e-01  3.00214e-01  4.41601e-02  6.25000e-02  0.00000e+00  9.04112e-01  3.08166e-01  0.00000e+00  7.42069e-01  2.93000e+02  7.10000e+01  3.02000e+02  2.95000e+02  1.78000e+02  6.00000e+01 -7.67982e+00  4.49057e+00  2.22237e+01 -9.89099e-01  1.41688e-01  4.00976e-02 -1.51464e-02 -3.68755e-01  9.29403e-01  1.46471e-01  9.18664e-01  3.66882e-01
1u4r0A0B_12      5.06175e-03  1.00819e-01  6.71832e-01  2.14217e-01  8.57143e-02  1.80000e-01  1.41893e-01  2.51321e-01  3.51513e-01  1.22886e-01  2.93000e+02  7.10000e+01  6.20000e+01  6.80000e+01  4.40000e+01  6.50000e+01  1.50297e+01 -1.87524e+01 -4.77891e-01 -4.96092e-02  9.72413e-01  2.27932e-01  6.99491e-01  1.96724e-01 -6.87031e-01 -7.12917e-01  1.25353e-01 -6.89953e-01
1eku0A0B_12      5.03696e-03  2.27193e-01  4.30994e-01  1.03429e-01  2.19780e-02  1.00000e-01  2.05119e-01  1.02726e-01  2.42891e-01  2.60055e-01  2.93000e+02  7.10000e+01  2.52000e+02  2.54000e+02  1.88000e+02  7.10000e+01  1.45454e+01 -1.69414e+01 -1.65842e+01 -3.19870e-01  3.16330e-01 -8.93095e-01 -2.69651e-01  8.73243e-01  4.05876e-01  9.08280e-01  3.70651e-01 -1.94025e-01
2j7z0A0B_21      4.98976e-03  1.10841e-01  5.97726e-01  1.49116e-01  3.44828e-02  2.63158e-01  8.20582e-01  4.48580e-01  0.00000e+00  7.41859e-01  2.93000e+02  7.10000e+01  6.80000e+01  6.80000e+01  6.70000e+01  6.20000e+01  2.11586e+00 -7.72716e+00  1.19089e+01  5.44621e-01  4.68617e-01 -6.95547e-01 -6.19587e-01 -3.34130e-01 -7.10260e-01 -5.65243e-01  8.17775e-01  1.08375e-01
6vocA10C6_12     4.95983e-03  2.46791e-01  2.71102e-01  1.80589e-01  5.92593e-02  1.01695e-01  8.78366e-01  4.50102e-01  3.35113e-03  8.70709e-01  2.93000e+02  7.10000e+01  1.49000e+02  1.64000e+02  1.35000e+02  5.90000e+01 -6.15575e+00 -1.83377e+00  1.83247e+01  2.40324e-01  9.50961e-01  1.94726e-01  3.80895e-01  9.21315e-02 -9.20017e-01 -8.92840e-01  2.95272e-01 -3.40074e-01
2zch1P1H_21      4.95275e-03  3.95319e-01  3.43331e-01  1.39673e-01  3.44262e-01  1.42857e-01  1.37716e-05  0.00000e+00  1.65259e-01  1.71687e-02  2.93000e+02  7.10000e+01  2.29000e+02  2.37000e+02  2.07000e+02  6.70000e+01  1.18208e+01 -2.16560e+01 -2.21795e+01  4.16140e-01  5.78866e-01 -7.01243e-01 -8.36820e-01 -5.79164e-02 -5.44405e-01 -3.55751e-01  8.13363e-01  4.60305e-01
6rqmB1A1_12      4.94140e-03  3.82450e-01  3.24388e-01  1.47277e-01  5.00000e-01  2.43902e-02  5.56252e-01  3.20928e-01  1.02280e-01  4.22512e-01  2.93000e+02  7.10000e+01  1.28000e+02  1.11000e+02  1.16000e+02  5.10000e+01  7.74945e+00 -1.72601e+01  7.39441e+00  3.15998e-01  8.57338e-01  4.06346e-01  5.13617e-01  2.05521e-01 -8.33042e-01 -7.97711e-01  4.71946e-01 -3.75399e-01
6xkrL1P1_12      4.90617e-03  3.79127e-01  3.08578e-01  1.79739e-01  6.59574e-01  6.45161e-02  2.69015e-02  9.36832e-02  2.23175e-01  6.58887e-02  2.93000e+02  7.10000e+01  2.20000e+02  1.13000e+02  1.45000e+02  6.60000e+01  8.07923e+00 -2.39886e+01  7.44296e+00  9.69848e-02  1.39123e-01  9.85514e-01 -4.01244e-02  9.89924e-01 -1.35797e-01 -9.94477e-01 -2.63730e-02  1.01590e-01
5n6nA1C1_12      4.83356e-03  2.37614e-01  4.43086e-01  7.38786e-02  5.10204e-02  8.00000e-02  3.82653e-01  1.16495e-01  9.24055e-02  3.61640e-01  2.93000e+02  7.10000e+01  2.29000e+02  6.95000e+02  1.60000e+02  6.90000e+01 -1.49996e+01  1.40775e+01 -3.29337e+00  1.31930e-01  3.75045e-01 -9.17571e-01 -4.75242e-01 -7.88410e-01 -3.90583e-01 -8.69908e-01  4.87598e-01  7.42222e-02
6hw2A1B1_12      4.82235e-03  1.80200e-01  4.39123e-01  2.48092e-01  4.54545e-02  8.88889e-02  7.41519e-04  0.00000e+00  1.28117e-01  2.60624e-02  2.93000e+02  7.10000e+01  1.27000e+02  6.90000e+01  1.01000e+02  6.00000e+01 -3.06109e+01 -7.34935e+00  7.66696e+00 -9.08290e-02 -8.94542e-01 -4.37658e-01  8.44066e-01 -3.02373e-01  4.42857e-01 -5.28490e-01 -3.29188e-01  7.82517e-01
6umxA1H1_21      4.81953e-03  4.08973e-01  3.58894e-01  1.36646e-01  6.08696e-01  0.00000e+00  3.64194e-03  6.79045e-02  2.28554e-01  4.21166e-02  2.93000e+02  7.10000e+01  2.26000e+02  2.79000e+02  1.64000e+02  6.90000e+01  1.06701e+01 -2.58349e+01 -3.52195e+00  2.74968e-02  6.18304e-01 -7.85458e-01  1.59549e-02 -7.85926e-01 -6.18115e-01 -9.99495e-01  4.46423e-03 -3.14754e-02
6gkdQ1S1_12      4.80501e-03  3.91575e-01  3.03850e-01  1.18340e-01  6.59091e-01  4.34783e-02  6.61779e-01  3.00782e-01  2.12270e-09  4.18369e-01  2.93000e+02  7.10000e+01  1.23000e+02  1.23000e+02  1.17000e+02  6.50000e+01  6.70098e+00  1.76860e+00  1.79603e+01 -5.86915e-01 -1.30616e-01  7.99044e-01  7.43081e-01 -4.78782e-01  4.67545e-01  3.21498e-01  8.68163e-01  3.78063e-01
5m13A1B1_21      4.72841e-03  3.85837e-01  3.22011e-01  1.31542e-01  6.66667e-01  7.69231e-02  7.95003e-06  1.55189e-02  1.71341e-01  2.33096e-02  2.93000e+02  7.10000e+01  1.26000e+02  3.66000e+02  1.18000e+02  5.90000e+01  9.49075e+00  3.49067e+01  1.41524e+01  2.43489e-01  5.67443e-01  7.86589e-01  9.62353e-01 -4.03432e-02 -2.68793e-01 -1.20791e-01  8.22424e-01 -5.55903e-01
3ayh1A1B_12      4.68859e-03  1.79118e-01  2.73959e-01  8.27685e-02  4.12371e-02  6.52174e-02  6.93946e-01  2.08099e-01  5.25180e-03  6.66875e-01  2.93000e+02  7.10000e+01  1.34000e+02  1.83000e+02  1.20000e+02  5.70000e+01  9.00162e+00  7.70447e-01  1.82540e+01  1.15443e-01 -9.86452e-01 -1.16553e-01  6.71367e-01  1.63966e-01 -7.22760e-01  7.32079e-01  5.18826e-03  6.81200e-01
6ppqA1D1_21      4.64261e-03  1.25610e-01  3.25186e-01  1.56279e-01  8.51064e-02  4.65116e-02  7.79092e-01  3.30029e-01  8.83732e-03  7.25977e-01  2.93000e+02  7.10000e+01  8.20000e+01  6.90000e+01  7.40000e+01  5.70000e+01  1.24321e+01  2.69010e+00  1.13597e+01 -7.78254e-01 -4.62184e-01 -4.25097e-01  6.26973e-01 -6.09659e-01 -4.84995e-01 -3.50077e-02 -6.43973e-01  7.64247e-01
1jtp0A0L_12      4.63613e-03  3.86356e-01  3.25361e-01  1.06045e-01  4.61538e-01  4.65116e-02  7.93632e-03  1.76684e-02  2.26519e-01  4.36033e-02  2.93000e+02  7.10000e+01  1.35000e+02  1.29000e+02  1.19000e+02  6.70000e+01  1.34558e+01 -2.42437e+01 -1.23093e+01 -3.52443e-01  7.86887e-01 -5.06549e-01 -1.79646e-01 -5.88103e-01 -7.88582e-01 -9.18428e-01 -1.86931e-01  3.48635e-01
3lz81A1B_12      4.59366e-03  2.16659e-01  3.12043e-01  1.70627e-01  6.94444e-02  0.00000e+00  7.88046e-01  3.73358e-01  0.00000e+00  7.42730e-01  2.93000e+02  7.10000e+01  1.86000e+02  1.87000e+02  1.49000e+02  7.10000e+01 -1.56973e+01 -3.26490e+00  2.18225e+01  9.50461e-01  2.70609e-01  1.52954e-01  2.26452e-01 -2.65711e-01 -9.37079e-01 -2.12941e-01  9.25294e-01 -3.13828e-01
6rc2A2A4_12      4.57274e-03  2.54848e-01  3.95723e-01  4.72973e-02  8.86076e-02  1.00000e-01  3.78985e-01  1.62958e-01  2.33156e-01  3.24521e-01  2.93000e+02  7.10000e+01  2.61000e+02  2.61000e+02  2.01000e+02  6.60000e+01  7.04701e+00 -2.04049e+01 -8.50345e+00 -8.80086e-01 -1.25600e-01 -4.57902e-01  8.67412e-02  9.05621e-01 -4.15123e-01  4.66825e-01 -4.05062e-01 -7.86129e-01
6rc2A1A3_12      4.57274e-03  2.54848e-01  3.95723e-01  4.72973e-02  8.86076e-02  1.00000e-01  3.78985e-01  1.62958e-01  2.33156e-01  3.24521e-01  2.93000e+02  7.10000e+01  2.61000e+02  2.61000e+02  2.01000e+02  6.60000e+01  7.04701e+00 -2.04049e+01 -8.50345e+00 -8.80086e-01 -1.25600e-01 -4.57902e-01  8.67412e-02  9.05621e-01 -4.15123e-01  4.66825e-01 -4.05062e-01 -7.86129e-01
1udv0A0B_21      4.55910e-03  1.44573e-01  4.03282e-01  9.68767e-02  1.00000e-01  1.85185e-01  5.85078e-01  2.32225e-01  8.22733e-02  5.15635e-01  2.93000e+02  7.10000e+01  8.60000e+01  8.80000e+01  6.20000e+01  4.50000e+01  2.92509e+00 -1.94918e+01 -7.80853e+00  7.92040e-01 -9.51460e-03 -6.10395e-01  2.41986e-01  9.22862e-01  2.99612e-01  5.60460e-01 -3.85012e-01  7.33246e-01
6p9hB1C1_21      4.54411e-03  3.82847e-01  4.06726e-01  1.01806e-01  2.72727e-01  1.73913e-01  6.34406e-08  0.00000e+00  1.70486e-01  1.32465e-02  2.93000e+02  7.10000e+01  2.13000e+02  1.14000e+02  2.06000e+02  5.80000e+01  2.25846e+01 -2.84291e+01 -9.38172e+00 -4.36994e-01 -4.20892e-01  7.94913e-01 -8.77885e-01  7.15538e-03 -4.78818e-01  1.95843e-01 -9.07083e-01 -3.72621e-01
6l3qA1B1_21      4.51036e-03  1.59787e-01  4.21148e-01  6.49966e-02  1.33333e-01  7.14286e-02  8.80453e-01  3.82945e-01  0.00000e+00  8.27497e-01  2.93000e+02  7.10000e+01  1.29000e+02  1.22000e+02  1.05000e+02  5.00000e+01  2.63147e+00  1.47535e+00  1.24650e+01  9.17874e-01 -5.67902e-02 -3.92788e-01 -3.90464e-01 -3.06360e-01 -8.68148e-01 -7.10323e-02  9.50220e-01 -3.03374e-01
3k7u1A1C_12      4.47923e-03  3.79416e-01  4.42244e-01  2.19149e-01  5.80000e-01  1.42857e-01  5.73407e-02  1.35371e-01  5.80996e-02  1.36630e-01  2.93000e+02  7.10000e+01  1.19000e+02  9.80000e+01  1.14000e+02  5.20000e+01  7.81864e+00 -8.40153e+00 -2.68686e+01  2.15030e-01  8.86601e-01  4.09513e-01 -8.94739e-01  3.46907e-01 -2.81243e-01 -3.91414e-01 -3.05931e-01  8.67872e-01
3f1p1A1B_12      4.47469e-03  1.91101e-01  3.31560e-01  8.53830e-02  7.01754e-02  9.52381e-02  8.43132e-01  3.33382e-01  0.00000e+00  7.35042e-01  2.93000e+02  7.10000e+01  1.14000e+02  1.11000e+02  8.90000e+01  4.80000e+01 -4.29433e+00  4.73232e+00 -1.44209e+01 -4.42805e-01  1.63095e-01 -8.81660e-01  5.24838e-02  9.86346e-01  1.56101e-01  8.95081e-01  2.28494e-02 -4.45319e-01
6t1dA1B1_12      4.44910e-03  3.53426e-01  3.94621e-01  1.75887e-01  9.09091e-02  3.57143e-02  2.47612e-03  1.85415e-02  1.44417e-01  5.10765e-02  2.93000e+02  7.10000e+01  3.38000e+02  3.38000e+02  2.21000e+02  7.10000e+01 -1.83790e+01 -2.65085e+01 -1.59364e+01 -2.14607e-01  5.13111e-01  8.31060e-01 -6.33843e-01  5.74203e-01 -5.18202e-01 -7.43093e-01 -6.37972e-01  2.02003e-01
1yhu0B0C_12      4.43359e-03  1.79761e-01  3.07149e-01  5.52381e-02  2.70270e-02  3.70370e-02  5.71709e-01  2.49732e-01  1.50891e-01  7.42014e-01  2.93000e+02  7.10000e+01  1.44000e+02  1.48000e+02  8.60000e+01  6.10000e+01  2.74383e+01 -7.16313e+00  2.68685e+01 -3.31499e-01  1.99729e-01 -9.22072e-01  6.32604e-01 -6.78023e-01 -3.74296e-01 -6.99944e-01 -7.07385e-01  9.84140e-02
1ty00A0B_12      4.42765e-03  2.42758e-01  4.04020e-01  1.25704e-01  7.69231e-02  2.32558e-02  2.11843e-01  1.19588e-01  1.42992e-01  3.99198e-01  2.93000e+02  7.10000e+01  2.11000e+02  2.07000e+02  1.65000e+02  6.10000e+01 -7.29011e+00  2.33018e+01  8.59850e-01 -7.16140e-01 -5.75016e-01  3.95600e-01 -2.58960e-01  7.45245e-01  6.14451e-01 -6.48138e-01  3.37588e-01 -6.82606e-01
5y62A1B1_12      4.41883e-03  1.96629e-01  3.45264e-01  8.16078e-02  3.57143e-02  5.71429e-02  4.12292e-01  1.96420e-01  2.83279e-01  3.52943e-01  2.93000e+02  7.10000e+01  1.53000e+02  1.48000e+02  1.24000e+02  4.70000e+01  1.30773e+01 -1.81069e+01 -8.31764e-01  6.93517e-02 -9.39416e-01 -3.35689e-01  6.56391e-01  2.96368e-01 -6.93770e-01  7.51226e-01 -1.72229e-01  6.37178e-01
4j4dA1B1_21      4.40662e-03  1.38846e-01  3.52636e-01  1.78457e-01  8.82353e-02  7.40741e-02  7.15955e-01  3.30340e-01  3.99284e-03  6.70604e-01  2.93000e+02  7.10000e+01  1.01000e+02  1.01000e+02  6.80000e+01  5.40000e+01 -2.29017e+01  1.37067e+00  2.15068e+01 -5.06374e-01  6.79893e-01  5.30406e-01  5.36720e-01  7.29928e-01 -4.23245e-01 -6.74920e-01  7.03592e-02 -7.34529e-01
6jhcA1A2_12      4.40558e-03  2.32844e-01  4.82268e-01  1.07485e-01  6.15385e-02  0.00000e+00  4.52431e-01  2.87607e-01  2.63700e-01  3.32591e-01  2.93000e+02  7.10000e+01  1.62000e+02  1.62000e+02  1.16000e+02  6.60000e+01  4.78616e+00 -1.72568e+01 -1.17131e+01  5.79171e-02 -5.65082e-01  8.22999e-01  5.15755e-01 -6.88911e-01 -5.09311e-01  8.54776e-01  4.53964e-01  2.51544e-01
1f460A0B_21      4.38733e-03  2.38205e-01  3.90487e-01  2.22222e-01  4.87805e-02  0.00000e+00  9.83299e-06  0.00000e+00  1.54967e-01  1.17097e-02  2.93000e+02  7.10000e+01  1.40000e+02  1.39000e+02  9.90000e+01  4.30000e+01  2.57962e+01  1.71135e+01 -2.05277e+01  3.53041e-01  2.60024e-01 -8.98749e-01 -2.00656e-01 -9.17210e-01 -3.44185e-01 -9.13838e-01  3.01851e-01 -2.71637e-01
3vz9B1D1_12      4.33979e-03  1.67618e-01  3.16374e-01  1.20565e-01  4.16667e-02  7.84314e-02  8.56680e-01  3.94200e-01  8.48503e-03  8.64936e-01  2.93000e+02  7.10000e+01  1.03000e+02  6.00000e+01  8.10000e+01  5.30000e+01 -8.97200e+00  1.22895e+01 -3.14805e+00  1.70537e-01 -4.77193e-01  8.62093e-01  8.19747e-01  5.54173e-01  1.44590e-01 -5.46746e-01  6.82040e-01  4.85685e-01
3p7j1A1B_21      4.33394e-03  1.18907e-01  4.30002e-01  2.43636e-01  2.56410e-02  2.94118e-02  2.50225e-05  0.00000e+00  1.68895e-01  2.45458e-02  2.93000e+02  7.10000e+01  6.10000e+01  5.90000e+01  5.90000e+01  5.20000e+01 -1.14121e+01 -3.00752e+01  1.37545e+01 -9.39246e-01  2.75471e-01 -2.04774e-01 -2.19271e-01 -2.25520e-02  9.75403e-01  2.64077e-01  9.61045e-01  8.15847e-02
6t0qA1A2_12      4.29489e-03  3.55107e-01  4.02530e-01  1.75141e-01  8.00000e-02  8.00000e-02  1.97955e-03  2.92535e-02  1.43043e-01  5.10485e-02  2.93000e+02  7.10000e+01  3.40000e+02  3.40000e+02  2.21000e+02  7.00000e+01 -1.80521e+01 -2.75975e+01 -1.46183e+01 -5.06876e-02  5.21982e-01  8.51449e-01 -5.72545e-01  6.83352e-01 -4.53015e-01 -8.18305e-01 -5.10455e-01  2.64221e-01
3k331C1D_21      4.27130e-03  1.13655e-01  2.89099e-01  2.10744e-01  3.92157e-02  1.25000e-01  6.88524e-01  2.63911e-01  0.00000e+00  4.86492e-01  2.93000e+02  7.10000e+01  7.10000e+01  7.30000e+01  6.20000e+01  4.00000e+01 -1.10621e+01  8.98480e+00  2.20432e+01 -9.80890e-01  1.71883e-01 -9.11626e-02  1.49083e-01  3.62932e-01 -9.19812e-01 -1.25015e-01 -9.15826e-01 -3.81621e-01
1vdg0A0B_21      4.26630e-03  3.68051e-01  3.37722e-01  1.29285e-01  1.04167e-01  4.08163e-02  3.37138e-01  1.97232e-01  1.29175e-01  3.69980e-01  2.93000e+02  7.10000e+01  1.87000e+02  1.87000e+02  1.53000e+02  6.70000e+01  9.56227e+00 -1.42938e+01  1.97957e+01 -5.14449e-01 -5.27527e-01  6.76060e-01 -3.64292e-01  8.48157e-01  3.84605e-01 -7.76295e-01 -4.84235e-02 -6.28508e-01
